0.0039 1.0000
0.0078 1.0000
0.0118 1.0000
0.0157 1.0000
0.0196 1.0000
0.0235 1.0000
0.0275 1.0000
0.0314 1.0000
0.0353 1.0000
0.0392 1.0000
0.0431 1.0000
0.0471 1.0000
0.0510 1.0000
0.0549 1.0000
0.0588 1.0000
0.0627 1.0000
0.0667 1.0000
0.0706 1.0000
0.0745 1.0000
0.0784 1.0000
0.0824 1.0000
0.0863 1.0000
0.0902 1.0000
0.0941 1.0000
0.0980 1.0000
0.1020 1.0000
0.1059 1.0000
0.1098 1.0000
0.1137 1.0000
0.1176 1.0000
0.1216 1.0000
0.1255 1.0000
0.1294 1.0000
0.1333 1.0000
0.1373 1.0000
0.1412 1.0000
0.1451 1.0000
0.1490 1.0000
0.1529 1.0000
0.1569 1.0000
0.1608 1.0000
0.1647 1.0000
0.1686 1.0000
0.1725 1.0000
0.1765 1.0000
0.1804 1.0000
0.1843 1.0000
0.1882 1.0000
0.1922 1.0000
0.1961 1.0000
0.2000 1.0000
0.2039 1.0000
0.2078 1.0000
0.2118 1.0000
0.2157 1.0000
0.2196 1.0000
0.2235 1.0000
0.2275 1.0000
0.2314 1.0000
0.2353 1.0000
0.2392 1.0000
0.2431 1.0000
0.2471 1.0000
0.2510 1.0000
0.2549 1.0000
0.2588 1.0000
0.2627 1.0000
0.2667 1.0000
0.2706 1.0000
0.2745 1.0000
0.2784 1.0000
0.2824 1.0000
0.2863 1.0000
0.2902 1.0000
0.2941 1.0000
0.2980 1.0000
0.3020 1.0000
0.3059 1.0000
0.3098 1.0000
0.3137 1.0000
0.3176 1.0000
0.3176 0.9878
0.3216 0.9880
0.3255 0.9881
0.3294 0.9882
0.3294 0.9767
0.3333 0.9770
0.3373 0.9773
0.3412 0.9775
0.3451 0.9778
0.3490 0.9780
0.3529 0.9783
0.3569 0.9785
0.3608 0.9787
0.3647 0.9789
0.3686 0.9792
0.3725 0.9794
0.3765 0.9796
0.3804 0.9798
0.3843 0.9800
0.3882 0.9802
0.3922 0.9804
0.3961 0.9806
0.3961 0.9712
0.4000 0.9714
0.4000 0.9623
0.4039 0.9626
0.4078 0.9630
0.4118 0.9633
0.4118 0.9545
0.4157 0.9550
0.4196 0.9554
0.4196 0.9469
0.4235 0.9474
0.4235 0.9391
0.4275 0.9397
0.4314 0.9402
0.4353 0.9407
0.4392 0.9412
0.4431 0.9417
0.4471 0.9421
0.4510 0.9426
0.4510 0.9350
0.4510 0.9274
0.4510 0.9200
0.4510 0.9127
0.4549 0.9134
0.4588 0.9141
0.4588 0.9070
0.4627 0.9077
0.4627 0.9008
0.4667 0.9015
0.4667 0.8947
0.4706 0.8955
0.4706 0.8889
0.4745 0.8897
0.4784 0.8905
0.4784 0.8841
0.4784 0.8777
0.4784 0.8714
0.4824 0.8723
0.4824 0.8662
0.4824 0.8601
0.4824 0.8542
0.4824 0.8483
0.4824 0.8425
0.4824 0.8367
0.4824 0.8311
0.4824 0.8255
0.4863 0.8267
0.4902 0.8278
0.4941 0.8289
0.4980 0.8301
0.4980 0.8247
0.4980 0.8194
0.4980 0.8141
0.4980 0.8089
0.4980 0.8038
0.5020 0.8050
0.5020 0.8000
0.5059 0.8012
0.5098 0.8025
0.5098 0.7975
0.5098 0.7927
0.5098 0.7879
0.5137 0.7892
0.5137 0.7844
0.5137 0.7798
0.5137 0.7751
0.5137 0.7706
0.5176 0.7719
0.5176 0.7674
0.5176 0.7630
0.5176 0.7586
0.5176 0.7543
0.5176 0.7500
0.5176 0.7458
0.5176 0.7416
0.5216 0.7430
0.5216 0.7389
0.5216 0.7348
0.5216 0.7308
0.5255 0.7322
0.5294 0.7337
0.5294 0.7297
0.5294 0.7258
0.5294 0.7219
0.5294 0.7181
0.5294 0.7143
0.5294 0.7105
0.5294 0.7068
0.5294 0.7031
0.5294 0.6995
0.5294 0.6959
0.5294 0.6923
0.5294 0.6888
0.5294 0.6853
0.5294 0.6818
0.5294 0.6784
0.5333 0.6800
0.5333 0.6766
0.5373 0.6782
0.5412 0.6798
0.5451 0.6814
0.5451 0.6780
0.5451 0.6748
0.5451 0.6715
0.5451 0.6683
0.5451 0.6651
0.5451 0.6619
0.5451 0.6588
0.5451 0.6557
0.5451 0.6526
0.5451 0.6495
0.5451 0.6465
0.5451 0.6435
0.5490 0.6452
0.5490 0.6422
0.5490 0.6393
0.5490 0.6364
0.5490 0.6335
0.5490 0.6306
0.5490 0.6278
0.5490 0.6250
0.5490 0.6222
0.5490 0.6195
0.5490 0.6167
0.5490 0.6140
0.5490 0.6114
0.5490 0.6087
0.5490 0.6061
0.5490 0.6034
0.5529 0.6052
0.5569 0.6068
0.5569 0.6043
0.5569 0.6017
0.5569 0.5992
0.5569 0.5966
0.5569 0.5941
0.5569 0.5917
0.5569 0.5892
0.5569 0.5868
0.5569 0.5844
0.5569 0.5820
0.5569 0.5796
0.5569 0.5772
0.5608 0.5789
0.5608 0.5766
0.5608 0.5743
0.5647 0.5760
0.5647 0.5737
0.5647 0.5714
0.5647 0.5692
0.5686 0.5709
0.5686 0.5686
0.5686 0.5664
0.5686 0.5642
0.5686 0.5620
0.5686 0.5598
0.5686 0.5577
0.5686 0.5556
0.5725 0.5573
0.5725 0.5551
0.5725 0.5530
0.5725 0.5509
0.5725 0.5489
0.5725 0.5468
0.5725 0.5448
0.5725 0.5428
0.5725 0.5407
0.5725 0.5387
0.5725 0.5368
0.5725 0.5348
0.5725 0.5328
0.5725 0.5309
0.5725 0.5290
0.5725 0.5271
0.5725 0.5252
0.5725 0.5233
0.5765 0.5250
0.5765 0.5231
0.5804 0.5248
0.5804 0.5230
0.5804 0.5211
0.5804 0.5193
0.5804 0.5175
0.5804 0.5157
0.5804 0.5139
0.5804 0.5121
0.5843 0.5138
0.5843 0.5120
0.5843 0.5103
0.5843 0.5085
0.5843 0.5068
0.5843 0.5051
0.5843 0.5034
0.5843 0.5017
0.5843 0.5000
0.5843 0.4983
0.5843 0.4967
0.5843 0.4950
0.5882 0.4967
0.5882 0.4950
0.5882 0.4934
0.5922 0.4951
0.5922 0.4935
0.5922 0.4919
0.5922 0.4903
0.5922 0.4887
0.5922 0.4871
0.5922 0.4855
0.5922 0.4840
0.5922 0.4824
0.5961 0.4841
0.5961 0.4825
0.5961 0.4810
0.6000 0.4826
0.6000 0.4811
0.6000 0.4796
0.6000 0.4781
0.6000 0.4766
0.6000 0.4752
0.6000 0.4737
0.6000 0.4722
0.6000 0.4708
0.6000 0.4693
0.6000 0.4679
0.6000 0.4665
0.6000 0.4650
0.6000 0.4636
0.6000 0.4622
0.6000 0.4608
0.6039 0.4625
0.6078 0.4641
0.6078 0.4627
0.6078 0.4613
0.6078 0.4599
0.6078 0.4586
0.6078 0.4572
0.6078 0.4559
0.6078 0.4545
0.6078 0.4532
0.6078 0.4519
0.6078 0.4506
0.6078 0.4493
0.6078 0.4480
0.6078 0.4467
0.6078 0.4454
0.6078 0.4441
0.6118 0.4457
0.6118 0.4444
0.6118 0.4432
0.6118 0.4419
0.6118 0.4407
0.6118 0.4394
0.6118 0.4382
0.6118 0.4370
0.6118 0.4358
0.6118 0.4345
0.6118 0.4333
0.6118 0.4321
0.6118 0.4309
0.6157 0.4325
0.6157 0.4313
0.6157 0.4301
0.6157 0.4290
0.6157 0.4278
0.6157 0.4266
0.6157 0.4255
0.6157 0.4243
0.6157 0.4232
0.6157 0.4220
0.6157 0.4209
0.6157 0.4198
0.6157 0.4187
0.6157 0.4176
0.6157 0.4164
0.6157 0.4153
0.6157 0.4142
0.6157 0.4132
0.6157 0.4121
0.6157 0.4110
0.6157 0.4099
0.6157 0.4089
0.6157 0.4078
0.6157 0.4067
0.6157 0.4057
0.6157 0.4046
0.6157 0.4036
0.6157 0.4026
0.6157 0.4015
0.6157 0.4005
0.6157 0.3995
0.6157 0.3985
0.6157 0.3975
0.6157 0.3965
0.6157 0.3955
0.6157 0.3945
0.6157 0.3935
0.6157 0.3925
0.6157 0.3915
0.6157 0.3905
0.6157 0.3896
0.6157 0.3886
0.6157 0.3877
0.6157 0.3867
0.6157 0.3857
0.6157 0.3848
0.6157 0.3839
0.6157 0.3829
0.6157 0.3820
0.6157 0.3811
0.6157 0.3801
0.6157 0.3792
0.6157 0.3783
0.6157 0.3774
0.6157 0.3765
0.6157 0.3756
0.6157 0.3747
0.6157 0.3738
0.6157 0.3729
0.6157 0.3720
0.6157 0.3712
0.6157 0.3703
0.6196 0.3718
0.6196 0.3709
0.6196 0.3700
0.6196 0.3692
0.6196 0.3683
0.6235 0.3698
0.6235 0.3689
0.6275 0.3704
0.6275 0.3695
0.6275 0.3687
0.6314 0.3701
0.6314 0.3693
0.6314 0.3684
0.6314 0.3676
0.6314 0.3667
0.6314 0.3659
0.6314 0.3651
0.6314 0.3643
0.6314 0.3634
0.6314 0.3626
0.6314 0.3618
0.6314 0.3610
0.6314 0.3602
0.6314 0.3594
0.6314 0.3586
0.6314 0.3578
0.6314 0.3570
0.6314 0.3562
0.6314 0.3554
0.6314 0.3546
0.6314 0.3538
0.6314 0.3531
0.6314 0.3523
0.6314 0.3515
0.6314 0.3508
0.6353 0.3522
0.6353 0.3514
0.6353 0.3506
0.6353 0.3499
0.6353 0.3491
0.6353 0.3484
0.6353 0.3476
0.6353 0.3469
0.6353 0.3462
0.6353 0.3454
0.6353 0.3447
0.6353 0.3439
0.6353 0.3432
0.6353 0.3425
0.6353 0.3418
0.6353 0.3411
0.6353 0.3403
0.6353 0.3396
0.6353 0.3389
0.6353 0.3382
0.6353 0.3375
0.6353 0.3368
0.6353 0.3361
0.6353 0.3354
0.6392 0.3368
0.6392 0.3361
0.6431 0.3374
0.6431 0.3368
0.6431 0.3361
0.6431 0.3354
0.6431 0.3347
0.6431 0.3340
0.6431 0.3333
0.6431 0.3327
0.6431 0.3320
0.6431 0.3313
0.6431 0.3306
0.6431 0.3300
0.6471 0.3313
0.6471 0.3307
0.6471 0.3300
0.6471 0.3293
0.6471 0.3287
0.6471 0.3280
0.6510 0.3294
0.6510 0.3287
0.6510 0.3281
0.6510 0.3274
0.6510 0.3268
0.6510 0.3261
0.6510 0.3255
0.6510 0.3249
0.6510 0.3242
0.6510 0.3236
0.6510 0.3230
0.6510 0.3223
0.6510 0.3217
0.6510 0.3211
0.6510 0.3205
0.6510 0.3198
0.6510 0.3192
0.6510 0.3186
0.6510 0.3180
0.6510 0.3174
0.6510 0.3168
0.6510 0.3162
0.6510 0.3156
0.6510 0.3150
0.6510 0.3144
0.6510 0.3138
0.6510 0.3132
0.6510 0.3126
0.6510 0.3120
0.6510 0.3114
0.6510 0.3109
0.6510 0.3103
0.6510 0.3097
0.6510 0.3091
0.6510 0.3086
0.6510 0.3080
0.6549 0.3093
0.6549 0.3087
0.6549 0.3081
0.6549 0.3076
0.6549 0.3070
0.6549 0.3064
0.6549 0.3059
0.6549 0.3053
0.6549 0.3047
0.6549 0.3042
0.6549 0.3036
