0 0.0039
0 0.0078
0 0.0118
0 0.0157
0 0.0196
0 0.0235
0 0.0275
0 0.0314
0 0.0353
0 0.0392
0 0.0431
0 0.0471
0 0.0510
0 0.0549
0 0.0588
0 0.0627
0 0.0667
0 0.0706
0 0.0745
0 0.0784
0 0.0824
0 0.0863
0 0.0902
0 0.0941
0 0.0980
0 0.1020
0 0.1059
0 0.1098
0 0.1137
0 0.1176
0 0.1216
0 0.1255
0 0.1294
0 0.1333
0 0.1373
0 0.1412
0 0.1451
0 0.1490
0 0.1529
0 0.1569
0 0.1608
0 0.1647
0 0.1686
0 0.1725
0 0.1765
0 0.1804
0 0.1843
0 0.1882
0 0.1922
0 0.1961
0 0.2000
0 0.2039
0 0.2078
0 0.2118
0 0.2157
0 0.2196
0 0.2235
0 0.2275
0 0.2314
0 0.2353
0 0.2392
0 0.2431
0 0.2471
0 0.2510
0 0.2549
0 0.2588
0 0.2627
0 0.2667
0 0.2706
0 0.2745
0 0.2784
0 0.2824
0 0.2863
0 0.2902
0 0.2941
0 0.2980
0 0.3020
0 0.3059
0 0.3098
0 0.3137
0 0.3176
1 0.3176
1 0.3216
1 0.3255
1 0.3294
2 0.3294
2 0.3333
2 0.3373
2 0.3412
2 0.3451
2 0.3490
2 0.3529
2 0.3569
2 0.3608
2 0.3647
2 0.3686
2 0.3725
2 0.3765
2 0.3804
2 0.3843
2 0.3882
2 0.3922
2 0.3961
3 0.3961
3 0.4000
4 0.4000
4 0.4039
4 0.4078
4 0.4118
5 0.4118
5 0.4157
5 0.4196
6 0.4196
6 0.4235
7 0.4235
7 0.4275
7 0.4314
7 0.4353
7 0.4392
7 0.4431
7 0.4471
7 0.4510
8 0.4510
9 0.4510
10 0.4510
11 0.4510
11 0.4549
11 0.4588
12 0.4588
12 0.4627
13 0.4627
13 0.4667
14 0.4667
14 0.4706
15 0.4706
15 0.4745
15 0.4784
16 0.4784
17 0.4784
18 0.4784
18 0.4824
19 0.4824
20 0.4824
21 0.4824
22 0.4824
23 0.4824
24 0.4824
25 0.4824
26 0.4824
26 0.4863
26 0.4902
26 0.4941
26 0.4980
27 0.4980
28 0.4980
29 0.4980
30 0.4980
31 0.4980
31 0.5020
32 0.5020
32 0.5059
32 0.5098
33 0.5098
34 0.5098
35 0.5098
35 0.5137
36 0.5137
37 0.5137
38 0.5137
39 0.5137
39 0.5176
40 0.5176
41 0.5176
42 0.5176
43 0.5176
44 0.5176
45 0.5176
46 0.5176
46 0.5216
47 0.5216
48 0.5216
49 0.5216
49 0.5255
49 0.5294
50 0.5294
51 0.5294
52 0.5294
53 0.5294
54 0.5294
55 0.5294
56 0.5294
57 0.5294
58 0.5294
59 0.5294
60 0.5294
61 0.5294
62 0.5294
63 0.5294
64 0.5294
64 0.5333
65 0.5333
65 0.5373
65 0.5412
65 0.5451
66 0.5451
67 0.5451
68 0.5451
69 0.5451
70 0.5451
71 0.5451
72 0.5451
73 0.5451
74 0.5451
75 0.5451
76 0.5451
77 0.5451
77 0.5490
78 0.5490
79 0.5490
80 0.5490
81 0.5490
82 0.5490
83 0.5490
84 0.5490
85 0.5490
86 0.5490
87 0.5490
88 0.5490
89 0.5490
90 0.5490
91 0.5490
92 0.5490
92 0.5529
92 0.5569
93 0.5569
94 0.5569
95 0.5569
96 0.5569
97 0.5569
98 0.5569
99 0.5569
100 0.5569
101 0.5569
102 0.5569
103 0.5569
104 0.5569
104 0.5608
105 0.5608
106 0.5608
106 0.5647
107 0.5647
108 0.5647
109 0.5647
109 0.5686
110 0.5686
111 0.5686
112 0.5686
113 0.5686
114 0.5686
115 0.5686
116 0.5686
116 0.5725
117 0.5725
118 0.5725
119 0.5725
120 0.5725
121 0.5725
122 0.5725
123 0.5725
124 0.5725
125 0.5725
126 0.5725
127 0.5725
128 0.5725
129 0.5725
130 0.5725
131 0.5725
132 0.5725
133 0.5725
133 0.5765
134 0.5765
134 0.5804
135 0.5804
136 0.5804
137 0.5804
138 0.5804
139 0.5804
140 0.5804
141 0.5804
141 0.5843
142 0.5843
143 0.5843
144 0.5843
145 0.5843
146 0.5843
147 0.5843
148 0.5843
149 0.5843
150 0.5843
151 0.5843
152 0.5843
152 0.5882
153 0.5882
154 0.5882
154 0.5922
155 0.5922
156 0.5922
157 0.5922
158 0.5922
159 0.5922
160 0.5922
161 0.5922
162 0.5922
162 0.5961
163 0.5961
164 0.5961
164 0.6000
165 0.6000
166 0.6000
167 0.6000
168 0.6000
169 0.6000
170 0.6000
171 0.6000
172 0.6000
173 0.6000
174 0.6000
175 0.6000
176 0.6000
177 0.6000
178 0.6000
179 0.6000
179 0.6039
179 0.6078
180 0.6078
181 0.6078
182 0.6078
183 0.6078
184 0.6078
185 0.6078
186 0.6078
187 0.6078
188 0.6078
189 0.6078
190 0.6078
191 0.6078
192 0.6078
193 0.6078
194 0.6078
194 0.6118
195 0.6118
196 0.6118
197 0.6118
198 0.6118
199 0.6118
200 0.6118
201 0.6118
202 0.6118
203 0.6118
204 0.6118
205 0.6118
206 0.6118
206 0.6157
207 0.6157
208 0.6157
209 0.6157
210 0.6157
211 0.6157
212 0.6157
213 0.6157
214 0.6157
215 0.6157
216 0.6157
217 0.6157
218 0.6157
219 0.6157
220 0.6157
221 0.6157
222 0.6157
223 0.6157
224 0.6157
225 0.6157
226 0.6157
227 0.6157
228 0.6157
229 0.6157
230 0.6157
231 0.6157
232 0.6157
233 0.6157
234 0.6157
235 0.6157
236 0.6157
237 0.6157
238 0.6157
239 0.6157
240 0.6157
241 0.6157
242 0.6157
243 0.6157
244 0.6157
245 0.6157
246 0.6157
247 0.6157
248 0.6157
249 0.6157
250 0.6157
251 0.6157
252 0.6157
253 0.6157
254 0.6157
255 0.6157
256 0.6157
257 0.6157
258 0.6157
259 0.6157
260 0.6157
261 0.6157
262 0.6157
263 0.6157
264 0.6157
265 0.6157
266 0.6157
267 0.6157
267 0.6196
268 0.6196
269 0.6196
270 0.6196
271 0.6196
271 0.6235
272 0.6235
272 0.6275
273 0.6275
274 0.6275
274 0.6314
275 0.6314
276 0.6314
277 0.6314
278 0.6314
279 0.6314
280 0.6314
281 0.6314
282 0.6314
283 0.6314
284 0.6314
285 0.6314
286 0.6314
287 0.6314
288 0.6314
289 0.6314
290 0.6314
291 0.6314
292 0.6314
293 0.6314
294 0.6314
295 0.6314
296 0.6314
297 0.6314
298 0.6314
298 0.6353
299 0.6353
300 0.6353
301 0.6353
302 0.6353
303 0.6353
304 0.6353
305 0.6353
306 0.6353
307 0.6353
308 0.6353
309 0.6353
310 0.6353
311 0.6353
312 0.6353
313 0.6353
314 0.6353
315 0.6353
316 0.6353
317 0.6353
318 0.6353
319 0.6353
320 0.6353
321 0.6353
321 0.6392
322 0.6392
322 0.6431
323 0.6431
324 0.6431
325 0.6431
326 0.6431
327 0.6431
328 0.6431
329 0.6431
330 0.6431
331 0.6431
332 0.6431
333 0.6431
333 0.6471
334 0.6471
335 0.6471
336 0.6471
337 0.6471
338 0.6471
338 0.6510
339 0.6510
340 0.6510
341 0.6510
342 0.6510
343 0.6510
344 0.6510
345 0.6510
346 0.6510
347 0.6510
348 0.6510
349 0.6510
350 0.6510
351 0.6510
352 0.6510
353 0.6510
354 0.6510
355 0.6510
356 0.6510
357 0.6510
358 0.6510
359 0.6510
360 0.6510
361 0.6510
362 0.6510
363 0.6510
364 0.6510
365 0.6510
366 0.6510
367 0.6510
368 0.6510
369 0.6510
370 0.6510
371 0.6510
372 0.6510
373 0.6510
373 0.6549
374 0.6549
375 0.6549
376 0.6549
377 0.6549
378 0.6549
379 0.6549
380 0.6549
381 0.6549
382 0.6549
383 0.6549
